204,1990
204,2000
204,2015
205,1990
205,2000
205,2015
206,1990
206,2000
206,2015
207,1990
207,2000
207,2015
208,1990
208,2000
208,2015
209,1990
209,2000
209,2015
210,1990
210,2000
210,2015
211,1990
211,2000
211,2015
212,1990
212,2000
212,2015
213,1990
213,2000
213,2015
214,1990
214,2000
214,2015
215,1990
215,2000
215,2015
216,1990
216,2000
216,2015
217,1990
217,2000
217,2015
218,1990
218,2000
218,2015
219,1990
219,2000
219,2015
220,1990
220,2000
220,2015
221,1990
221,2000
221,2015
222,1990
222,2000
222,2015
223,1990
223,2000
223,2015
224,1990
224,2000
224,2015
225,1990
225,2000
225,2015
226,1990
226,2000
226,2015
227,1990
227,2000
227,2015
228,1990
228,2000
228,2015
229,1990
229,2000
229,2015
230,1990
230,2000
230,2015
231,1990
231,2000
231,2015
232,1990
232,2000
232,2015
233,1990
233,2000
233,2015
234,1990
234,2000
234,2015
235,1990
235,2000
235,2015
236,1990
236,2000
236,2015
237,1990
237,2000
237,2015
238,1990
238,2000
238,2015
239,1990
239,2000
239,2015
240,1990
240,2000
240,2015
241,1990
241,2000
241,2015
242,1990
242,2000
242,2015
243,1990
243,2000
243,2015
244,1990
244,2000
244,2015
245,1990
245,2000
245,2015
246,1990
246,2000
246,2015
247,1990
247,2000
247,2015
248,1990
248,2000
248,2015
249,1990
249,2000
249,2015
250,1990
250,2000
250,2015
251,1990
251,2000
251,2015
252,1990
252,2000
252,2015
253,1990
253,2000
253,2015
254,1990
254,2000
254,2015
255,1990
255,2000
255,2015
256,1990
256,2000
256,2015
257,1990
257,2000
257,2015
258,1990
258,2000
258,2015
259,1990
259,2000
259,2015
260,1990
260,2000
260,2015
261,1990
261,2000
261,2015
262,1990
262,2000
262,2015
263,1990
263,2000
263,2015
264,1990
264,2000
264,2015
265,1990
265,2000
265,2015
266,1990
266,2000
266,2015
267,1990
267,2000
267,2015
268,1990
268,2000
268,2015
269,1990
269,2000
269,2015
270,1990
270,2000
270,2015
271,1990
271,2000
271,2015
272,1990
272,2000
272,2015
273,1990
273,2000
273,2015
274,1990
274,2000
274,2015
275,1990
275,2000
275,2015
276,1990
276,2000
276,2015
277,1990
277,2000
277,2015
278,1990
278,2000
278,2015
279,1990
279,2000
279,2015
280,1990
280,2000
280,2015
281,1990
281,2000
281,2015
282,1990
282,2000
282,2015
283,1990
283,2000
283,2015
284,1990
284,2000
284,2015
285,1990
285,2000
285,2015
286,1990
286,2000
286,2015
287,1990
287,2000
287,2015
288,1990
288,2000
288,2015
289,1990
289,2000
289,2015
290,1990
290,2000
290,2015
291,1990
291,2000
291,2015
292,1990
292,2000
292,2015
293,1990
293,2000
293,2015
294,1990
294,2000
294,2015
295,1990
295,2000
295,2015
296,1990
296,2000
296,2015
297,1990
297,2000
297,2015
298,1990
298,2000
298,2015
299,1990
299,2000
299,2015
300,1990
300,2000
300,2015
301,1990
301,2000
301,2015
302,1990
302,2000
302,2015
303,1990
303,2000
303,2015
304,1990
304,2000
304,2015
305,1990
305,2000
305,2015
306,1990
306,2000
306,2015
307,1990
307,2000
307,2015
308,1990
308,2000
308,2015
309,1990
309,2000
309,2015
310,1990
310,2000
310,2015
311,1990
311,2000
311,2015
312,1990
312,2000
312,2015
313,1990
313,2000
313,2015
314,1990
314,2000
314,2015
315,1990
315,2000
315,2015
316,1990
316,2000
316,2015
317,1990
317,2000
317,2015
318,1990
318,2000
318,2015
319,1990
319,2000
319,2015
320,1990
320,2000
320,2015
321,1990
321,2000
321,2015
322,1990
322,2000
322,2015
323,1990
323,2000
323,2015
324,1990
324,2000
324,2015
325,1990
325,2000
325,2015
326,1990
326,2000
326,2015
327,1990
327,2000
327,2015
328,1990
328,2000
328,2015
329,1990
329,2000
329,2015
330,1990
330,2000
330,2015
331,1990
331,2000
331,2015
332,1990
332,2000
332,2015
333,1990
333,2000
333,2015
334,1990
334,2000
334,2015
335,1990
335,2000
335,2015
336,1990
336,2000
336,2015
337,1990
337,2000
337,2015
338,1990
338,2000
338,2015
339,1990
339,2000
339,2015
340,1990
340,2000
340,2015
341,1990
341,2000
341,2015
342,1990
342,2000
342,2015
343,1990
343,2000
343,2015
344,1990
344,2000
344,2015
345,1990
345,2000
345,2015
346,1990
346,2000
346,2015
347,1990
347,2000
347,2015
348,1990
348,2000
348,2015
349,1990
349,2000
349,2015
350,1990
350,2000
350,2015
351,1990
351,2000
351,2015
352,1990
352,2000
352,2015
353,1990
353,2000
353,2015
354,1990
354,2000
354,2015
355,1990
355,2000
355,2015
356,1990
356,2000
356,2015
357,1990
357,2000
357,2015
358,1990
358,2000
358,2015
359,1990
359,2000
359,2015
360,1990
360,2000
360,2015
361,1990
361,2000
361,2015
362,1990
362,2000
362,2015
363,1990
363,2000
363,2015
364,1990
364,2000
364,2015
365,1990
365,2000
365,2015
366,1990
366,2000
366,2015
367,1990
367,2000
367,2015
368,1990
368,2000
368,2015
369,1990
369,2000
369,2015
370,1990
370,2000
370,2015
371,1990
371,2000
371,2015
372,1990
372,2000
372,2015
373,1990
373,2000
373,2015
374,1990
374,2000
374,2015
375,1990
375,2000
375,2015
376,1990
376,2000
376,2015
377,1990
377,2000
377,2015
378,1990
378,2000
378,2015
379,1990
379,2000
379,2015
380,1990
380,2000
380,2015
381,1990
381,2000
381,2015
382,1990
382,2000
382,2015
383,1990
383,2000
383,2015
384,1990
384,2000
384,2015
385,1990
385,2000
385,2015
386,1990
386,2000
386,2015
387,1990
387,2000
387,2015
388,1990
388,2000
388,2015
389,1990
389,2000
389,2015
390,1990
390,2000
390,2015
391,1990
391,2000
391,2015
392,1990
392,2000
392,2015
393,1990
393,2000
393,2015
394,1990
394,2000
394,2015
395,1990
395,2000
395,2015
396,1990
396,2000
396,2015
397,1990
397,2000
397,2015
398,1990
398,2000
398,2015
399,1990
399,2000
399,2015
400,1990
400,2000
400,2015
401,1990
401,2000
401,2015
402,1990
402,2000
402,2015
403,1990
403,2000
403,2015
404,1990
404,2000
404,2015
405,1990
405,2000
405,2015
406,1990
406,2000
406,2015
407,1990
407,2000
407,2015
408,1990
408,2000
408,2015
409,1990
409,2000
409,2015
410,1990
410,2000
410,2015
411,1990
411,2000
411,2015
412,1990
412,2000
412,2015
413,1990
413,2000
413,2015
414,1990
414,2000
414,2015
415,1990
415,2000
415,2015
416,1990
416,2000
416,2015
417,1990
417,2000
417,2015
418,1990
418,2000
418,2015
419,1990
419,2000
419,2015
420,1990
420,2000
420,2015
421,1990
421,2000
421,2015
422,1990
422,2000
422,2015
423,1990
423,2000
423,2015
424,1990
424,2000
424,2015
425,1990
425,2000
425,2015
426,1990
426,2000
426,2015
427,1990
427,2000
427,2015
428,1990
428,2000
428,2015
429,1990
429,2000
429,2015
430,1990
430,2000
430,2015
431,1990
431,2000
431,2015
432,1990
432,2000
432,2015
433,1990
433,2000
433,2015
434,1990
434,2000
434,2015
435,1990
435,2000
435,2015
436,1990
436,2000
436,2015
437,1990
437,2000
437,2015
438,1990
438,2000
438,2015
439,1990
439,2000
439,2015
440,1990
440,2000
440,2015
441,1990
441,2000
441,2015
442,1990
442,2000
442,2015
443,1990
443,2000
443,2015
444,1990
444,2000
444,2015
445,1990
445,2000
445,2015
446,1990
446,2000
446,2015
447,1990
447,2000
447,2015
448,1990
448,2000
448,2015
449,1990
449,2000
449,2015
450,1990
450,2000
450,2015
451,1990
451,2000
451,2015
452,1990
452,2000
452,2015
453,1990
453,2000
453,2015
454,1990
454,2000
454,2015
455,1990
455,2000
455,2015
456,1990
456,2000
456,2015
457,1990
457,2000
457,2015
458,1990
458,2000
458,2015
459,1990
459,2000
459,2015
460,1990
460,2000
460,2015
461,1990
461,2000
461,2015
462,1990
462,2000
462,2015
463,1990
463,2000
463,2015
464,1990
464,2000
464,2015
465,1990
465,2000
465,2015
466,1990
466,2000
466,2015
467,1990
467,2000
467,2015
468,1990
468,2000
468,2015
469,1990
469,2000
469,2015
470,1990
470,2000
470,2015
471,1990
471,2000
471,2015
472,1990
472,2000
472,2015
473,1990
473,2000
473,2015
474,1990
474,2000
474,2015
475,1990
475,2000
475,2015
476,1990
476,2000
476,2015
477,1990
477,2000
477,2015
478,1990
478,2000
478,2015
479,1990
479,2000
479,2015
480,1990
480,2000
480,2015
481,1990
481,2000
481,2015
482,1990
482,2000
482,2015
483,1990
483,2000
483,2015
484,1990
484,2000
484,2015
485,1990
485,2000
485,2015
486,1990
486,2000
486,2015
487,1990
487,2000
487,2015
488,1990
488,2000
488,2015
489,1990
489,2000
489,2015
490,1990
490,2000
490,2015
491,1990
491,2000
491,2015
492,1990
492,2000
492,2015
493,1990
493,2000
493,2015
494,1990
494,2000
494,2015
495,1990
495,2000
495,2015
496,1990
496,2000
496,2015
497,1990
497,2000
497,2015
498,1990
498,2000
498,2015
499,1990
499,2000
499,2015
500,1990
500,2000
500,2015
