592,2015
593,1990
593,2000
593,2015
594,1990
594,2000
594,2015
595,1990
595,2000
595,2015
596,1990
596,2000
596,2015
597,1990
597,2000
597,2015
598,1990
598,2000
598,2015
599,1990
599,2000
599,2015
600,1990
600,2000
600,2015
601,1990
601,2000
601,2015
602,1990
602,2000
602,2015
603,1990
603,2000
603,2015
604,1990
604,2000
604,2015
605,1990
605,2000
605,2015
606,1990
606,2000
606,2015
607,1990
607,2000
607,2015
608,1990
608,2000
608,2015
609,1990
609,2000
609,2015
610,1990
610,2000
610,2015
611,1990
611,2000
611,2015
612,1990
612,2000
612,2015
613,1990
613,2000
613,2015
614,1990
614,2000
614,2015
615,1990
615,2000
615,2015
616,1990
616,2000
616,2015
617,1990
617,2000
617,2015
618,1990
618,2000
618,2015
619,1990
619,2000
619,2015
620,1990
620,2000
620,2015
621,1990
621,2000
621,2015
622,1990
622,2000
622,2015
623,1990
623,2000
623,2015
624,1990
624,2000
624,2015
625,1990
625,2000
625,2015
626,1990
626,2000
626,2015
627,1990
627,2000
627,2015
628,1990
628,2000
628,2015
629,1990
629,2000
629,2015
630,1990
630,2000
630,2015
631,1990
631,2000
631,2015
632,1990
632,2000
632,2015
633,1990
633,2000
633,2015
634,1990
634,2000
634,2015
635,1990
635,2000
635,2015
636,1990
636,2000
636,2015
637,1990
637,2000
637,2015
638,1990
638,2000
638,2015
639,1990
639,2000
639,2015
640,1990
640,2000
640,2015
641,1990
641,2000
641,2015
642,1990
642,2000
642,2015
643,1990
643,2000
643,2015
644,1990
644,2000
644,2015
645,1990
645,2000
645,2015
646,1990
646,2000
646,2015
647,1990
647,2000
647,2015
648,1990
648,2000
648,2015
649,1990
649,2000
649,2015
650,1990
650,2000
650,2015
651,1990
651,2000
651,2015
652,1990
652,2000
652,2015
653,1990
653,2000
653,2015
654,1990
654,2000
654,2015
655,1990
655,2000
655,2015
656,1990
656,2000
656,2015
657,1990
657,2000
657,2015
658,1990
658,2000
658,2015
659,1990
659,2000
659,2015
660,1990
660,2000
660,2015
661,1990
661,2000
661,2015
662,1990
662,2000
662,2015
663,1990
663,2000
663,2015
664,1990
664,2000
664,2015
665,1990
665,2000
665,2015
666,1990
666,2000
666,2015
667,1990
667,2000
667,2015
668,1990
668,2000
668,2015
669,1990
669,2000
669,2015
670,1990
670,2000
670,2015
671,1990
671,2000
671,2015
672,1990
672,2000
672,2015
673,1990
673,2000
673,2015
674,1990
674,2000
674,2015
675,1990
675,2000
675,2015
676,1990
676,2000
676,2015
677,1990
677,2000
677,2015
678,1990
678,2000
678,2015
679,1990
679,2000
679,2015
680,1990
680,2000
680,2015
681,1990
681,2000
681,2015
682,1990
682,2000
682,2015
683,1990
683,2000
683,2015
684,1990
684,2000
684,2015
685,1990
685,2000
685,2015
686,1990
686,2000
686,2015
687,1990
687,2000
687,2015
688,1990
688,2000
688,2015
689,1990
689,2000
689,2015
690,1990
690,2000
690,2015
691,1990
691,2000
691,2015
692,1990
692,2000
692,2015
693,1990
693,2000
693,2015
694,1990
694,2000
694,2015
695,1990
695,2000
695,2015
696,1990
696,2000
696,2015
697,1990
697,2000
697,2015
698,1990
698,2000
698,2015
699,1990
699,2000
699,2015
700,1990
700,2000
700,2015
701,1990
701,2000
701,2015
702,1990
702,2000
702,2015
703,1990
703,2000
703,2015
704,1990
704,2000
704,2015
705,1990
705,2000
705,2015
706,1990
706,2000
706,2015
707,1990
707,2000
707,2015
708,1990
708,2000
708,2015
709,1990
709,2000
709,2015
710,1990
710,2000
710,2015
711,1990
711,2000
711,2015
712,1990
712,2000
712,2015
713,1990
713,2000
713,2015
714,1990
714,2000
714,2015
715,1990
715,2000
715,2015
716,1990
716,2000
716,2015
717,1990
717,2000
717,2015
718,1990
718,2000
718,2015
719,1990
719,2000
719,2015
720,1990
720,2000
720,2015
721,1990
721,2000
721,2015
722,1990
722,2000
722,2015
723,1990
723,2000
723,2015
724,1990
724,2000
724,2015
725,1990
725,2000
725,2015
726,1990
726,2000
726,2015
727,1990
727,2000
727,2015
728,1990
728,2000
728,2015
729,1990
729,2000
729,2015
730,1990
730,2000
730,2015
731,1990
731,2000
731,2015
732,1990
732,2000
732,2015
733,1990
733,2000
733,2015
734,1990
734,2000
734,2015
735,1990
735,2000
735,2015
736,1990
736,2000
736,2015
737,1990
737,2000
737,2015
738,1990
738,2000
738,2015
739,1990
739,2000
739,2015
740,1990
740,2000
740,2015
741,1990
741,2000
741,2015
742,1990
742,2000
742,2015
743,1990
743,2000
743,2015
744,1990
744,2000
744,2015
745,1990
745,2000
745,2015
746,1990
746,2000
746,2015
747,1990
747,2000
747,2015
748,1990
748,2000
748,2015
749,1990
749,2000
749,2015
750,1990
750,2000
750,2015
751,1990
751,2000
751,2015
752,1990
752,2000
752,2015
753,1990
753,2000
753,2015
754,1990
754,2000
754,2015
755,1990
755,2000
755,2015
756,1990
756,2000
756,2015
757,1990
757,2000
757,2015
758,1990
758,2000
758,2015
759,1990
759,2000
759,2015
760,1990
760,2000
760,2015
761,1990
761,2000
761,2015
762,1990
762,2000
762,2015
763,1990
763,2000
763,2015
764,1990
764,2000
764,2015
765,1990
765,2000
765,2015
766,1990
766,2000
766,2015
767,1990
767,2000
767,2015
768,1990
768,2000
768,2015
769,1990
769,2000
769,2015
770,1990
770,2000
770,2015
771,1990
771,2000
771,2015
772,1990
772,2000
772,2015
773,1990
773,2000
773,2015
774,1990
774,2000
774,2015
775,1990
775,2000
775,2015
776,1990
776,2000
776,2015
777,1990
777,2000
777,2015
778,1990
778,2000
778,2015
779,1990
779,2000
779,2015
780,1990
780,2000
780,2015
781,1990
781,2000
781,2015
782,1990
782,2000
782,2015
783,1990
783,2000
783,2015
784,1990
784,2000
784,2015
785,1990
785,2000
785,2015
786,1990
786,2000
786,2015
787,1990
787,2000
787,2015
788,1990
788,2000
788,2015
789,1990
789,2000
789,2015
790,1990
790,2000
790,2015
791,1990
791,2000
791,2015
792,1990
792,2000
792,2015
793,1990
793,2000
793,2015
794,1990
794,2000
794,2015
795,1990
795,2000
795,2015
796,1990
796,2000
796,2015
797,1990
797,2000
797,2015
798,1990
798,2000
798,2015
799,1990
799,2000
799,2015
800,1990
800,2000
800,2015
801,1990
801,2000
801,2015
802,1990
802,2000
802,2015
803,1990
803,2000
803,2015
804,1990
804,2000
804,2015
805,1990
805,2000
805,2015
806,1990
806,2000
806,2015
807,1990
807,2000
807,2015
808,1990
808,2000
808,2015
809,1990
809,2000
809,2015
810,1990
810,2000
810,2015
811,1990
811,2000
811,2015
812,1990
812,2000
812,2015
813,1990
813,2000
813,2015
814,1990
814,2000
814,2015
815,1990
815,2000
815,2015
816,1990
816,2000
816,2015
817,1990
817,2000
817,2015
818,1990
818,2000
818,2015
819,1990
819,2000
819,2015
820,1990
820,2000
820,2015
821,1990
821,2000
821,2015
822,1990
822,2000
822,2015
823,1990
823,2000
823,2015
824,1990
824,2000
824,2015
825,1990
825,2000
825,2015
826,1990
826,2000
826,2015
827,1990
827,2000
827,2015
828,1990
828,2000
828,2015
829,1990
829,2000
829,2015
830,1990
830,2000
830,2015
831,1990
831,2000
831,2015
832,1990
832,2000
832,2015
833,1990
833,2000
833,2015
834,1990
834,2000
834,2015
835,1990
835,2000
835,2015
836,1990
836,2000
836,2015
837,1990
837,2000
837,2015
838,1990
838,2000
838,2015
839,1990
839,2000
839,2015
840,1990
840,2000
840,2015
841,1990
841,2000
841,2015
842,1990
842,2000
842,2015
843,1990
843,2000
843,2015
844,1990
844,2000
844,2015
845,1990
845,2000
845,2015
846,1990
846,2000
846,2015
847,1990
847,2000
847,2015
848,1990
848,2000
848,2015
849,1990
849,2000
849,2015
850,1990
850,2000
850,2015
851,1990
851,2000
851,2015
852,1990
852,2000
852,2015
853,1990
853,2000
853,2015
854,1990
854,2000
854,2015
855,1990
855,2000
855,2015
856,1990
856,2000
856,2015
857,1990
857,2000
857,2015
858,1990
858,2000
858,2015
859,1990
859,2000
859,2015
860,1990
860,2000
860,2015
861,1990
861,2000
861,2015
862,1990
862,2000
862,2015
863,1990
863,2000
863,2015
864,1990
864,2000
864,2015
865,1990
865,2000
865,2015
866,1990
866,2000
866,2015
867,1990
867,2000
867,2015
868,1990
868,2000
868,2015
869,1990
869,2000
869,2015
870,1990
870,2000
870,2015
871,1990
871,2000
871,2015
872,1990
872,2000
872,2015
873,1990
873,2000
873,2015
874,1990
874,2000
874,2015
875,1990
875,2000
875,2015
876,1990
876,2000
876,2015
877,1990
877,2000
877,2015
878,1990
878,2000
878,2015
879,1990
879,2000
879,2015
880,1990
880,2000
880,2015
881,1990
881,2000
881,2015
882,1990
882,2000
882,2015
883,1990
883,2000
883,2015
884,1990
884,2000
884,2015
885,1990
885,2000
885,2015
886,1990
886,2000
886,2015
887,1990
887,2000
887,2015
888,1990
888,2000
888,2015
889,1990
889,2000
889,2015
890,1990
890,2000
890,2015
891,1990
891,2000
891,2015
892,1990
892,2000
892,2015
893,1990
893,2000
893,2015
894,1990
894,2000
894,2015
895,1990
895,2000
895,2015
896,1990
896,2000
896,2015
897,1990
897,2000
897,2015
898,1990
898,2000
898,2015
899,1990
899,2000
899,2015
900,1990
900,2000
900,2015
901,1990
901,2000
901,2015
902,1990
902,2000
902,2015
903,1990
903,2000
903,2015
904,1990
904,2000
904,2015
905,1990
905,2000
905,2015
906,1990
906,2000
906,2015
907,1990
907,2000
907,2015
908,1990
908,2000
908,2015
909,1990
909,2000
909,2015
910,1990
910,2000
910,2015
911,1990
911,2000
911,2015
912,1990
912,2000
912,2015
913,1990
913,2000
913,2015
914,1990
914,2000
914,2015
915,1990
915,2000
915,2015
916,1990
916,2000
916,2015
917,1990
917,2000
917,2015
918,1990
918,2000
918,2015
919,1990
919,2000
919,2015
920,1990
920,2000
920,2015
921,1990
921,2000
921,2015
922,1990
922,2000
922,2015
923,1990
923,2000
923,2015
924,1990
924,2000
924,2015
925,1990
925,2000
925,2015
926,1990
926,2000
926,2015
927,1990
927,2000
927,2015
928,1990
928,2000
928,2015
929,1990
929,2000
929,2015
930,1990
930,2000
930,2015
931,1990
931,2000
931,2015
932,1990
932,2000
932,2015
933,1990
933,2000
933,2015
934,1990
934,2000
934,2015
935,1990
935,2000
935,2015
936,1990
936,2000
936,2015
937,1990
937,2000
937,2015
938,1990
938,2000
938,2015
939,1990
939,2000
939,2015
940,1990
940,2000
940,2015
941,1990
941,2000
941,2015
942,1990
942,2000
942,2015
943,1990
943,2000
943,2015
944,1990
944,2000
944,2015
945,1990
945,2000
945,2015
946,1990
946,2000
946,2015
947,1990
947,2000
947,2015
948,1990
948,2000
948,2015
949,1990
949,2000
949,2015
950,1990
950,2000
950,2015
951,1990
951,2000
951,2015
952,1990
952,2000
952,2015
953,1990
953,2000
953,2015
954,1990
954,2000
954,2015
955,1990
955,2000
955,2015
956,1990
956,2000
956,2015
957,1990
957,2000
957,2015
958,1990
958,2000
958,2015
959,1990
959,2000
959,2015
960,1990
960,2000
960,2015
961,1990
961,2000
961,2015
962,1990
962,2000
962,2015
963,1990
963,2000
963,2015
964,1990
964,2000
964,2015
965,1990
965,2000
965,2015
966,1990
966,2000
966,2015
967,1990
967,2000
967,2015
968,1990
968,2000
968,2015
969,1990
969,2000
969,2015
970,1990
970,2000
970,2015
971,1990
971,2000
971,2015
972,1990
972,2000
972,2015
973,1990
973,2000
973,2015
974,1990
974,2000
974,2015
975,1990
975,2000
975,2015
976,1990
976,2000
976,2015
977,1990
977,2000
977,2015
978,1990
978,2000
978,2015
979,1990
979,2000
979,2015
980,1990
980,2000
980,2015
981,1990
981,2000
981,2015
982,1990
982,2000
982,2015
983,1990
983,2000
983,2015
984,1990
984,2000
984,2015
985,1990
985,2000
985,2015
