1,1990
1,2000
1,2015
2,1990
2,2000
2,2015
3,1990
3,2000
3,2015
4,1990
4,2000
4,2015
5,1990
5,2000
5,2015
6,1990
6,2000
6,2015
7,1990
7,2000
7,2015
8,1990
8,2000
8,2015
9,1990
9,2000
9,2015
10,1990
10,2000
10,2015
11,1990
11,2000
11,2015
12,1990
12,2000
12,2015
13,1990
13,2000
13,2015
14,1990
14,2000
14,2015
15,1990
15,2000
15,2015
16,1990
16,2000
16,2015
17,1990
17,2000
17,2015
18,1990
18,2000
18,2015
19,1990
19,2000
19,2015
20,1990
20,2000
20,2015
21,1990
21,2000
21,2015
22,1990
22,2000
22,2015
23,1990
23,2000
23,2015
24,1990
24,2000
24,2015
25,1990
25,2000
25,2015
26,1990
26,2000
26,2015
27,1990
27,2000
27,2015
28,1990
28,2000
28,2015
29,1990
29,2000
29,2015
30,1990
30,2000
30,2015
31,1990
31,2000
31,2015
32,1990
32,2000
32,2015
33,1990
33,2000
33,2015
34,1990
34,2000
34,2015
35,1990
35,2000
35,2015
36,1990
36,2000
36,2015
37,1990
37,2000
37,2015
38,1990
38,2000
38,2015
39,1990
39,2000
39,2015
40,1990
40,2000
40,2015
41,1990
41,2000
41,2015
42,1990
42,2000
42,2015
43,1990
43,2000
43,2015
44,1990
44,2000
44,2015
45,1990
45,2000
45,2015
46,1990
46,2000
46,2015
47,1990
47,2000
47,2015
48,1990
48,2000
48,2015
49,1990
49,2000
49,2015
50,1990
50,2000
50,2015
51,1990
51,2000
51,2015
52,1990
52,2000
52,2015
53,1990
53,2000
53,2015
54,1990
54,2000
54,2015
55,1990
55,2000
55,2015
56,1990
56,2000
56,2015
57,1990
57,2000
57,2015
58,1990
58,2000
58,2015
59,1990
59,2000
59,2015
60,1990
60,2000
60,2015
61,1990
61,2000
61,2015
62,1990
62,2000
62,2015
63,1990
63,2000
63,2015
64,1990
64,2000
64,2015
65,1990
65,2000
65,2015
66,1990
66,2000
66,2015
67,1990
67,2000
67,2015
68,1990
68,2000
68,2015
69,1990
69,2000
69,2015
70,1990
70,2000
70,2015
71,1990
71,2000
71,2015
72,1990
72,2000
72,2015
73,1990
73,2000
73,2015
74,1990
74,2000
74,2015
75,1990
75,2000
75,2015
76,1990
76,2000
76,2015
77,1990
77,2000
77,2015
78,1990
78,2000
78,2015
79,1990
79,2000
79,2015
80,1990
80,2000
80,2015
81,1990
81,2000
81,2015
82,1990
82,2000
82,2015
83,1990
83,2000
83,2015
84,1990
84,2000
84,2015
85,1990
85,2000
85,2015
86,1990
86,2000
86,2015
87,1990
87,2000
87,2015
88,1990
88,2000
88,2015
89,1990
89,2000
89,2015
90,1990
90,2000
90,2015
91,1990
91,2000
91,2015
92,1990
92,2000
92,2015
93,1990
93,2000
93,2015
94,1990
94,2000
94,2015
95,1990
95,2000
95,2015
96,1990
96,2000
96,2015
97,1990
97,2000
97,2015
98,1990
98,2000
98,2015
99,1990
99,2000
99,2015
